2.1359	1472
2.1359	1472
2.1359	1472
2.1359	1472
2.1359	1472
2.1359	1472
2.1359	1472
2.1359	1472
2.1359	1472
2.1359	1472
2.1359	1472
2.1359	262
2.1699	895
2.2029	778
2.2349	380
2.2679	373
2.3019	264
2.3349	348
2.3679	288
2.3999	146
2.4339	250
2.4669	154
2.4989	220
2.5329	167
2.5659	160
2.5979	245
2.6309	212
2.6649	123
2.6969	196
2.7299	269
2.7629	140
2.7969	189
2.8299	229
2.8629	215
2.8949	181
2.9289	203
2.9609	146
2.9939	202
3.0279	159
3.0609	336
3.0929	168
3.1269	1472
3.1269	492
3.1599	361
3.1919	163
3.2249	164
3.2589	174
3.2909	166
3.3239	191
3.3579	178
3.3909	156
3.4229	137
3.4559	230
3.4899	152
3.5229	159
3.5559	164
3.5879	143
3.6209	104
3.6549	132
3.6879	221
3.7199	178
3.7529	173
3.7869	132
3.8199	141
3.8519	171
3.8849	152
3.9189	151
3.9509	142
3.9849	157
4.0169	134
4.0509	167
4.0829	227
4.1159	1472
4.1159	478
4.1489	349
4.1819	161
4.2159	208
4.2489	158
4.2819	216
4.3139	155
4.3469	134
4.3809	146
4.4129	131
4.4459	175
4.4789	178
4.5129	156
4.5459	168
4.5779	143
4.6109	143
4.6449	162
4.6779	159
4.7099	154
4.7439	166
4.7769	156
4.8099	157
4.8429	155
4.8759	152
4.9089	150
4.9419	176
4.9749	149
5.0079	149
5.0409	169
5.0739	175
5.1069	1472
5.1069	518
5.1389	322
5.1719	169
5.2059	188
5.2389	197
5.2719	216
5.3039	221
5.3369	205
5.3709	183
5.4029	179
5.4359	187
5.4699	150
5.5029	275
5.5359	206
5.5689	177
5.6029	144
5.6359	181
5.6689	176
5.7029	208
5.7359	170
5.7689	299
5.8029	254
5.8359	172
5.8689	158
5.9029	167
5.9359	197
5.9689	171
6.0029	182
6.0359	128
6.0689	155
6.1029	1472
6.1029	520
6.1359	255
6.1689	170
6.2029	165
6.2359	145
6.2689	182
6.3029	192
6.3359	162
6.3689	174
6.4029	164
6.4359	137
6.4689	178
6.5029	194
6.5359	158
6.5689	226
6.6029	145
6.6359	139
6.6689	135
6.7029	157
6.7359	136
6.7689	132
6.8029	186
6.8359	217
6.8689	148
6.9029	176
6.9359	194
6.9689	167
7.0029	239
7.0359	209
7.0689	211
7.1029	1472
7.1029	516
7.1359	355
7.1689	176
7.2029	217
7.2359	224
7.2689	211
7.3029	171
7.3359	138
7.3689	249
7.4029	138
7.4359	130
7.4689	151
7.5029	159
7.5359	160
7.5689	170
7.6029	154
7.6359	147
7.6689	139
7.7029	150
7.7359	150
7.7689	131
7.8029	156
7.8359	146
7.8689	153
7.9029	146
7.9359	160
7.9689	180
8.0029	140
8.0359	161
8.0689	141
8.1029	1472
8.1029	485
8.1359	299
8.1689	151
8.2029	124
8.2359	139
8.2689	160
8.3029	155
8.3359	150
8.3689	156
8.4029	159
8.4359	171
8.4689	173
8.5029	164
8.5359	160
8.5689	214
8.6029	273
8.6359	189
8.6689	151
8.7029	116
8.7359	178
8.7359	121
8.8029	161
8.8029	148
8.8689	130
8.8689	149
8.9359	164
8.9359	132
9.0029	143
9.0029	155
9.0689	137
9.0689	1472
9.0689	492
9.1359	276
9.1359	121
9.2029	122
9.2029	140
9.2689	151
9.2689	131
9.3359	167
9.3359	183
9.4029	154
9.4029	145
9.4689	187
9.4689	197
9.5359	164
9.5359	150
9.6029	154
9.6029	155
9.6689	142
9.6689	129
9.7359	162
9.7359	173
9.8029	160
9.8029	178
9.8689	179
9.8689	219
9.9359	192
9.9359	166
10.0029	178
10.0029	161
10.0689	127
10.0689	1472
10.0689	438
10.1359	269
10.1359	147
10.2029	159
10.2029	230
10.2689	148
10.2689	163
10.3359	173
10.3359	206
10.4029	184
10.4029	204
10.4689	131
10.4689	153
10.5359	162
10.5359	167
10.6029	123
10.6029	161
10.6689	152
10.6689	179
10.7359	150
10.7359	206
10.8029	219
10.8029	183
10.8689	171
10.8689	168
10.9359	199
10.9359	169
11.0029	190
11.0029	177
11.0689	157
11.0689	1472
11.0689	457
11.1359	307
11.1359	258
11.2029	167
11.2029	200
11.2689	172
11.2689	204
11.3359	203
11.3359	156
11.4029	135
11.4029	147
11.4689	133
11.4689	115
11.5359	175
11.5359	139
11.6029	176
11.6029	137
11.6689	127
11.6689	176
11.7359	158
11.7359	135
11.8029	149
11.8029	176
11.8689	180
11.8689	135
11.9359	128
11.9359	151
12.0029	151
12.0029	178
12.0689	143
12.0689	1472
12.0689	478
12.0689	311
12.1689	182
12.1689	220
12.1689	157
12.2689	163
12.2689	176
12.2689	163
12.3689	146
12.3689	190
12.3689	228
12.4689	186
12.4689	152
12.4689	131
12.5689	147
12.5689	146
12.5689	173
12.6689	208
12.6689	175
12.6689	113
12.7689	146
12.7689	165
12.7689	152
12.8689	118
12.8689	154
12.8689	152
12.9689	151
12.9689	188
12.9689	152
13.0689	140
13.0689	1472
13.0689	464
13.0689	308
13.1689	120
13.1689	139
13.1689	153
13.2689	140
13.2689	143
13.2689	135
13.3689	154
13.3689	175
13.3689	163
13.4689	168
13.4689	150
13.4689	150
13.5689	166
13.5689	212
13.5689	124
13.6689	170
13.6689	145
13.6689	214
13.7689	153
13.7689	158
13.7689	156
13.8689	170
13.8689	201
13.8689	196
13.9689	182
13.9689	174
13.9689	155
14.0689	156
14.0689	1472
14.0689	446
14.0689	357
14.1689	235
14.1689	133
14.1689	197
14.2689	182
14.2689	130
14.2689	131
14.3689	174
14.3689	141
14.3689	118
14.4689	204
14.4689	195
14.4689	177
14.5689	183
14.5689	185
14.5689	161
14.6689	188
14.6689	148
14.6689	142
14.7689	191
14.7689	160
14.7689	154
14.8689	163
14.8689	156
14.8689	203
14.9689	256
14.9689	186
14.9689	227
15.0689	157
15.0689	1472
15.0689	520
15.0689	302
15.1689	232
15.1689	164
15.1689	175
15.2689	129
15.2689	143
15.2689	149
15.3689	183
15.3689	144
15.3689	165
15.3689	139
15.5029	157
15.5029	168
15.5029	137
15.5029	148
15.6359	139
15.6359	154
15.6359	133
15.6359	136
15.7689	200
15.7689	157
15.7689	169
15.7689	156
15.9029	177
15.9029	170
15.9029	150
15.9029	152
16.0359	167
16.0359	153
16.0359	1472
16.0359	541
16.0359	344
16.1689	163
16.1689	166
16.1689	140
16.1689	187
16.3029	172
16.3029	161
16.3029	177
16.3029	185
16.4359	185
16.4359	152
16.4359	186
16.4359	181
16.5689	155
16.5689	144
16.5689	178
16.5689	203
16.7029	155
16.7029	163
16.7029	170
16.7029	180
16.8359	179
16.8359	226
16.8359	264
16.8359	215
16.9689	166
16.9689	199
16.9689	193
16.9689	193
17.1029	1472
17.1029	1472
17.1029	716
17.1029	318
17.1689	162
17.1689	190
17.1689	210
17.1689	166
17.3029	206
17.3029	233
17.3029	209
17.3029	208
17.4359	183
17.4359	184
17.4359	191
17.4359	208
17.5689	211
17.5689	213
17.5689	190
17.5689	205
17.7029	208
17.7029	220
17.7029	195
17.7029	252
17.8359	244
17.8359	244
17.8359	303
17.8359	296
17.9689	265
17.9689	236
17.9689	280
17.9689	271
18.1029	1472
18.1029	1472
18.1029	845
18.1029	388
18.1029	206
18.1029	219
18.2359	169
18.2359	183
18.2359	160
18.2359	162
18.3689	152
18.3689	132
18.3689	154
18.3689	173
18.5029	206
18.5029	155
18.5029	169
18.5029	173
18.6359	187
18.6359	194
18.6359	188
18.6359	236
18.6359	207
18.8029	202
18.8029	143
18.8029	180
18.8029	185
18.8029	174
18.9689	198
18.9689	160
18.9689	146
18.9689	175
18.9689	1472
18.9689	495
19.1359	302
19.1359	150
19.1359	148
19.1359	147
19.1359	254
19.3029	228
19.3029	157
19.3029	198
19.3029	183
19.3029	147
19.4689	166
19.4689	131
19.4689	137
19.4689	148
19.4689	209
19.6359	146
19.6359	165
19.6359	236
19.6359	219
19.6359	137
19.8029	168
19.8029	148
19.8029	162
19.8029	138
19.8029	157
19.9689	145
19.9689	239
19.9689	187
19.9689	192
19.9689	1472
19.9689	462
20.1359	379
20.1359	179
20.1359	206
20.1359	214
20.1359	151
20.3029	160
20.3029	122
20.3029	142
20.3029	117
20.3029	115
20.4689	206
20.4689	201
20.4689	349
20.4689	316
20.4689	379
20.6359	691
20.6359	894
20.6359	1472
20.6359	1388
20.6359	1472
20.6359	1472
20.6359	1472
20.6359	161
20.6359	1472
20.6359	1472
20.6359	1472
20.6359	1472
20.6359	52
20.8029	1472
20.8029	1472
20.8029	804
20.8029	1472
20.8029	128
20.8029	673
20.8029	463
20.8029	375
20.9689	328
20.9689	197
20.9689	180
20.9689	245
20.9689	1472
20.9689	1472
20.9689	598
21.1359	263
21.1359	123
21.1359	171
21.1359	219
21.1359	177
21.3029	249
21.3029	145
21.3029	165
21.3029	158
21.3029	145
21.4689	158
21.4689	162
21.4689	190
21.4689	182
21.4689	155
21.6359	162
21.6359	148
21.6359	183
21.6359	125
21.6359	120
21.8029	121
21.8029	149
21.8029	149
21.8029	133
21.8029	165
21.9689	141
21.9689	155
21.9689	156
21.9689	147
21.9689	1472
21.9689	514
21.9689	300
22.1689	137
22.1689	125
22.1689	137
22.1689	148
22.1689	205
22.1689	215
22.3689	136
22.3689	246
22.3689	209
22.3689	254
22.3689	173
22.3689	152
22.5689	156
22.5689	207
22.5689	219
22.5689	143
22.5689	182
22.5689	197
22.7689	177
22.7689	268
22.7689	173
22.7689	225
22.7689	251
22.7689	178
22.9689	187
22.9689	188
22.9689	185
22.9689	293
22.9689	1472
22.9689	392
22.9689	344
23.1689	156
23.1689	145
23.1689	236
23.1689	226
23.1689	161
23.1689	178
23.3689	175
23.3689	177
23.3689	150
23.3689	186
23.3689	227
23.3689	157
23.5689	155
23.5689	145
23.5689	189
23.5689	169
23.5689	160
23.5689	137
23.7689	160
23.7689	162
23.7689	146
23.7689	157
23.7689	201
23.7689	201
23.9689	214
23.9689	178
23.9689	199
23.9689	220
23.9689	1472
23.9689	469
23.9689	346
24.1689	221
24.1689	223
24.1689	249
24.1689	240
24.1689	198
24.1689	261
24.3689	218
24.3689	198
24.3689	199
24.3689	193
24.3689	191
24.3689	189
24.5689	162
24.5689	168
24.5689	157
24.5689	217
24.5689	191
24.5689	175
24.7689	171
24.7689	265
24.7689	198
24.7689	183
24.7689	222
24.7689	206
24.9689	203
24.9689	173
24.9689	175
24.9689	161
24.9689	1472
24.9689	481
24.9689	307
25.1689	139
25.1689	184
25.1689	171
25.1689	195
25.1689	168
25.1689	235
25.1709	201
25.4029	216
25.4029	228
25.4029	176
25.4029	170
25.4029	171
25.4029	170
25.4029	180
25.6359	160
25.6359	173
25.6359	229
25.6359	206
25.6359	210
25.6359	192
25.6359	130
25.8689	189
25.8689	168
25.8689	134
25.8689	135
25.8689	157
25.8689	146
25.8689	135
26.1029	1472
26.1029	413
26.1029	310
26.1029	150
26.1029	138
26.1029	158
26.1029	181
26.1029	156
26.3359	133
26.3359	129
26.3359	167
26.3359	137
26.3359	144
26.3359	201
26.3359	178
26.5689	158
26.5689	178
26.5689	171
26.5689	179
26.5689	191
26.5689	181
26.5689	161
26.8029	147
26.8029	216
26.8029	151
26.8029	163
26.8029	166
26.8029	162
26.8029	163
27.0359	195
27.0359	165
27.0359	1472
27.0359	423
27.0359	330
27.0359	145
27.0359	197
27.0359	159
27.2689	206
27.2689	237
27.2689	172
27.2689	141
27.2689	127
27.2689	154
27.2689	151
27.5029	150
27.5029	143
27.5029	189
27.5029	139
27.5029	152
27.5029	169
27.5029	151
27.7359	240
27.7359	156
27.7359	190
27.7359	141
27.7359	133
27.7359	141
27.7359	177
27.9689	149
27.9689	154
27.9689	201
27.9689	163
27.9689	1472
27.9689	496
27.9689	349
27.9689	160
28.2029	200
28.2029	299
28.2029	366
28.2029	526
28.2029	743
28.2029	1003
28.2029	1472
28.2029	263
28.4359	1472
28.4359	1383
28.4359	639
28.4359	553
28.4359	425
28.4359	306
28.4359	240
28.4359	182
28.6689	263
28.6689	247
28.6689	205
28.6689	153
28.6689	161
28.6689	248
28.6689	186
28.6689	217
28.9359	207
28.9359	227
28.9359	253
28.9359	213
28.9359	239
28.9359	1472
28.9359	1472
28.9359	595
28.9359	380
28.9359	205
29.2029	206
29.2029	256
29.2029	256
29.2029	336
29.2029	284
29.2029	272
29.2029	315
29.2029	263
29.4689	273
29.4689	278
29.4689	256
29.4689	185
29.4689	254
29.4689	198
29.4689	155
29.4699	242
29.7359	187
29.7359	239
29.7359	301
29.7359	199
29.7359	141
29.7359	270
29.7359	337
29.7359	206
30.0029	197
30.0029	254
30.0029	168
30.0029	1472
30.0029	453
30.0029	380
30.0029	195
30.0029	236
30.0029	196
30.2689	172
30.2689	179
30.2689	159
30.2689	160
30.2689	258
30.2689	181
30.2689	169
30.2699	206
30.5359	158
30.5359	164
30.5359	214
30.5359	173
30.5359	196
30.5359	167
30.5359	301
30.5359	168
30.8029	246
30.8029	192
30.8029	243
30.8029	199
30.8029	174
30.8029	247
30.8029	287
30.8029	177
31.0689	172
31.0689	1472
31.0689	439
31.0689	395
31.0689	190
31.0689	190
31.0689	257
31.0699	187
31.0699	197
31.3359	172
31.3359	231
31.3359	211
31.3359	191
31.3359	164
31.3359	201
31.3359	169
31.3359	260
31.6029	168
31.6029	189
31.6029	165
31.6029	170
31.6029	188
31.6029	200
31.6029	187
31.6029	188
31.8689	204
31.8689	249
31.8689	193
31.8689	226
31.8689	163
31.8689	172
31.8689	147
31.8699	1472
31.8699	464
31.8699	349
32.1689	159
32.1689	167
32.1689	186
32.1689	208
32.1689	181
32.1689	240
32.1689	205
32.1689	198
32.1699	237
32.4689	203
32.4689	264
32.4689	255
32.4689	226
32.4689	221
32.4689	215
32.4689	193
32.4689	299
32.4699	229
32.7689	263
32.7689	168
32.7689	190
32.7689	155
32.7689	172
32.7699	173
32.7699	185
32.7699	202
32.7699	207
33.0689	215
33.0689	1472
33.0689	514
33.0689	405
33.0689	217
33.0689	180
33.0689	253
33.0699	343
33.0699	323
33.0699	282
33.3689	339
33.3689	262
33.3689	345
33.3689	307
33.3689	286
33.3689	266
33.3689	264
33.3689	225
33.3689	271
33.6689	176
33.6689	214
33.6689	218
33.6689	195
33.6689	169
33.6689	314
33.6689	254
33.6689	234
33.6699	272
33.9689	249
33.9689	200
33.9689	235
33.9689	212
33.9689	1472
33.9689	565
33.9689	354
33.9689	166
33.9699	191
33.9699	178
34.2689	203
34.2689	181
34.2689	208
34.2689	208
34.2689	185
34.2689	232
34.2689	257
34.2689	234
34.2699	237
34.5689	175
34.5689	222
34.5689	187
34.5689	199
34.5689	173
34.5689	205
34.5689	195
34.5689	293
34.5699	229
34.8689	220
34.8689	182
34.8689	196
34.8689	243
34.8689	193
34.8689	232
34.8689	171
34.8699	1472
34.8699	530
34.8699	393
35.1689	209
35.1689	254
35.1689	255
35.1689	208
35.1689	218
35.1689	212
35.1689	197
35.1699	193
35.1699	204
35.1699	245
35.5029	291
35.5029	213
35.5029	248
35.5029	194
35.5029	204
35.5029	206
35.5029	172
35.5029	160
35.5029	185
35.5029	195
35.8359	179
35.8359	179
35.8359	232
35.8359	184
35.8359	167
35.8359	216
35.8359	184
35.8359	166
35.8359	1472
35.8359	549
35.8359	355
36.1689	159
36.1689	171
36.1689	182
36.1689	196
36.1689	209
36.1689	216
36.1689	196
36.1699	204
36.1699	198
36.1699	176
36.5029	186
36.5029	193
36.5029	199
36.5029	181
36.5029	224
36.5029	297
36.5029	251
36.5029	264
36.5029	284
36.5029	237
36.8359	258
36.8359	260
36.8359	305
36.8359	251
36.8359	312
36.8359	362
36.8359	350
36.8359	323
36.8359	1472
36.8359	1472
36.8359	1062
36.8359	537
37.1689	306
37.1689	361
37.1689	391
37.1689	260
37.1689	244
37.1689	266
37.1689	274
37.1689	238
37.1699	233
37.1699	182
37.5029	245
37.5029	228
37.5029	186
37.5029	176
37.5029	202
37.5029	154
37.5029	179
37.5029	175
37.5029	257
37.5029	216
37.8359	191
37.8359	175
37.8359	190
37.8359	236
37.8359	348
37.8359	374
37.8359	239
37.8359	284
37.8359	1472
37.8359	1472
37.8359	659
37.8359	351
38.1689	262
38.1689	247
38.1689	288
38.1689	277
38.1689	258
38.1689	255
38.1689	285
38.1689	252
38.1699	329
38.1699	281
38.5029	337
38.5029	322
38.5029	285
38.5029	319
38.5029	459
38.5029	355
38.5029	415
38.5029	329
38.5029	364
38.5029	356
38.5029	334
38.8689	430
38.8689	337
38.8689	326
38.8689	343
38.8689	379
38.8689	389
38.8699	416
38.8699	1472
38.8699	1472
38.8699	959
38.8699	478
38.8699	389
38.8699	374
39.2359	397
39.2359	454
39.2359	443
39.2359	392
39.2359	430
39.2359	384
39.2359	357
39.2359	454
39.2359	402
39.2359	382
39.2359	454
39.6029	437
39.6029	363
39.6029	417
39.6029	392
39.6029	353
39.6029	344
39.6029	278
39.6029	362
39.6029	257
39.6029	268
39.6029	244
39.9689	177
39.9689	212
39.9689	218
39.9689	216
39.9689	1472
39.9689	1472
39.9689	629
39.9689	359
39.9699	157
39.9699	177
39.9699	179
39.9699	196
39.9699	183
40.3359	202
40.3359	210
40.3359	195
40.3359	184
40.3359	232
40.3359	236
40.3359	204
40.3359	182
40.3359	183
40.3359	187
40.3359	173
40.7029	212
40.7029	273
40.7029	233
40.7029	181
40.7029	252
40.7029	245
40.7029	199
40.7029	213
40.7029	248
40.7029	201
40.7029	225
41.0689	212
41.0689	1472
41.0689	1472
41.0689	781
41.0689	363
41.0689	265
41.0689	269
41.0689	195
41.0699	206
41.0699	237
41.0699	212
41.0699	232
41.0699	220
41.4359	230
41.4359	241
41.4359	237
41.4359	255
41.4359	207
41.4359	228
41.4359	297
41.4359	224
41.4359	236
41.4359	239
41.4359	223
41.8029	260
41.8029	266
41.8029	273
41.8029	232
41.8029	451
41.8029	274
41.8029	234
41.8029	271
41.8029	236
41.8029	1472
41.8029	1472
41.8029	956
41.8029	367
41.8029	253
42.2029	294
42.2029	237
42.2029	290
42.2029	251
42.2029	244
42.2029	280
42.2029	244
42.2029	326
42.2029	244
42.2029	275
42.2029	273
42.2029	287
42.6029	275
42.6029	291
42.6029	300
42.6029	363
42.6029	348
42.6029	299
42.6029	342
42.6029	387
42.6029	392
42.6029	648
42.6029	367
42.6029	389
43.0029	393
43.0029	396
43.0029	391
43.0029	1472
43.0029	1472
43.0029	1358
43.0029	484
43.0029	430
43.0029	366
43.0029	426
43.0029	527
43.0029	585
43.0029	527
43.0029	623
43.4029	591
43.4029	736
43.4029	612
43.4029	795
43.4029	687
43.4029	744
43.4029	715
43.4029	871
43.4029	849
43.4029	735
43.4029	984
43.4029	898
43.8029	758
43.8029	793
43.8029	648
43.8029	751
43.8029	664
43.8029	653
43.8029	635
43.8029	590
43.8029	563
43.8029	1472
43.8029	1472
43.8029	1040
43.8029	674
43.8029	456
44.2029	485
44.2029	478
44.2029	543
44.2029	484
44.2029	699
44.2029	609
44.2029	748
44.2029	773
44.2029	840
44.2029	691
44.2029	620
44.2029	522
44.6029	539
44.6029	433
44.6029	338
44.6029	379
44.6029	270
44.6029	324
44.6029	348
44.6029	318
44.6029	265
44.6029	284
44.6029	229
44.6029	217
45.0029	341
45.0029	199
45.0029	209
45.0029	1472
45.0029	457
45.0029	334
45.0029	184
45.0029	192
45.0029	171
45.0029	203
45.0029	172
45.0029	135
45.0029	126
45.4029	128
45.4029	134
45.4029	123
45.4029	153
45.4029	141
45.4029	126
45.4029	147
45.4029	153
45.4029	153
45.4029	117
45.4029	145
45.4029	234
45.4029	180
45.8359	148
45.8359	137
45.8359	153
45.8359	193
45.8359	192
45.8359	214
45.8359	196
45.8359	154
45.8359	1472
45.8359	440
45.8359	301
45.8359	162
45.8359	154
45.8359	189
46.2689	164
46.2689	215
46.2689	247
46.2689	139
46.2689	160
46.2689	123
46.2689	125
46.2689	148
46.2689	175
46.2689	116
46.2699	160
46.2699	214
46.2699	185
46.7029	190
46.7029	162
46.7029	156
46.7029	145
46.7029	154
46.7029	177
46.7029	158
46.7029	139
46.7029	171
46.7029	192
46.7029	170
46.7029	189
46.7029	1472
46.7029	402
47.1359	275
47.1359	122
47.1359	130
47.1359	149
47.1359	177
47.1359	213
47.1359	184
47.1359	169
47.1359	179
47.1359	271
47.1359	255
47.1359	213
47.1359	207
47.5689	162
47.5689	216
47.5689	187
47.5689	155
47.5689	186
47.5689	146
47.5689	160
47.5699	151
47.5699	166
47.5699	178
47.5699	133
47.5699	149
47.5699	107
48.0029	165
48.0029	210
48.0029	259
48.0029	1472
48.0029	290
48.0029	229
48.0029	132
48.0029	111
48.0029	137
48.0029	148
48.0029	141
48.0029	134
48.0029	137
48.0029	147
48.4359	149
48.4359	143
48.4359	137
48.4359	131
48.4359	206
48.4359	151
48.4359	180
48.4359	188
48.4359	198
48.4359	214
48.4359	181
48.4359	141
48.4359	166
48.4359	177
48.9029	148
48.9029	135
48.9029	141
48.9029	151
48.9029	192
48.9029	129
48.9029	1472
48.9029	390
48.9029	248
48.9029	105
48.9029	145
48.9029	123
48.9029	118
48.9029	134
48.9029	156
49.3689	140
49.3689	154
49.3689	144
49.3689	210
49.3689	192
49.3689	154
49.3689	139
49.3689	134
49.3689	148
49.3699	117
49.3699	180
49.3699	134
49.3699	162
49.3699	143
49.8359	169
49.8359	202
49.8359	188
49.8359	225
49.8359	235
49.8359	234
49.8359	235
49.8359	205
49.8359	1472
49.8359	518
49.8359	359
49.8359	216
49.8359	181
49.8359	184
49.8359	229
50.3029	194
50.3029	171
50.3029	207
50.3029	241
50.3029	225
50.3029	208
50.3029	384
50.3029	190
50.3029	301
50.3029	246
50.3029	219
50.3029	247
50.3029	183
50.3029	312
50.7719	195
50.7719	231
50.7719	295
50.7719	205
50.7719	198
50.7719	193
50.7719	244
50.7719	172
50.7719	229
50.7719	237
50.7719	1472
50.7719	552
50.7719	320
50.7719	220
50.7719	175
51.2359	178
51.2359	327
51.2359	227
51.2359	215
51.2359	190
51.2359	173
51.2359	147
51.2359	262
51.2359	242
51.2359	214
51.2359	249
51.2359	165
51.2359	162
51.2359	157
51.7029	208
51.7029	168
51.7029	183
51.7029	248
51.7029	179
51.7029	186
51.7029	212
51.7029	156
51.7029	154
51.7029	167
51.7029	175
51.7029	183
51.7029	1472
51.7029	506
51.7029	289
51.7029	132
52.2029	179
52.2029	211
52.2029	181
52.2029	169
52.2029	120
52.2029	150
52.2029	178
52.2029	158
52.2029	176
52.2029	144
52.2029	184
52.2029	139
52.2029	177
52.2029	134
52.2029	169
52.7029	153
52.7029	172
52.7029	159
52.7029	163
52.7029	199
52.7029	145
52.7029	195
52.7029	151
52.7029	132
52.7029	162
52.7029	192
52.7029	149
52.7029	1472
52.7029	503
52.7029	280
52.7029	211
53.2029	135
53.2029	175
53.2029	128
53.2029	131
53.2029	112
53.2029	117
53.2029	193
53.2029	153
53.2029	239
53.2029	284
53.2029	193
53.2029	174
53.2029	257
53.2029	140
53.2029	142
53.7029	196
53.7029	182
53.7029	159
53.7029	191
53.7029	154
53.7029	213
53.7029	306
53.7029	218
53.7029	157
53.7029	248
53.7029	158
53.7029	209
53.7029	1472
53.7029	405
53.7029	320
53.7029	114
54.2029	112
54.2029	107
54.2029	171
54.2029	208
54.2029	151
54.2029	141
54.2029	161
54.2029	149
54.2029	158
54.2029	195
54.2029	140
54.2029	109
54.2029	129
54.2029	133
54.2029	148
54.7029	152
54.7029	207
54.7029	197
54.7029	182
54.7029	141
54.7029	136
54.7029	147
54.7029	193
54.7029	137
54.7029	180
54.7029	145
54.7029	169
54.7029	1472
54.7029	393
54.7029	282
54.7029	166
55.2029	172
55.2029	182
55.2029	171
55.2029	314
55.2029	201
55.2029	203
55.2029	190
55.2029	154
55.2029	128
55.2029	148
55.2029	174
55.2029	164
55.2029	146
55.2029	153
55.2029	186
55.2029	125
55.7359	149
55.7359	160
55.7359	200
55.7359	131
55.7359	151
55.7359	124
55.7359	137
55.7359	114
55.7359	116
55.7359	125
55.7359	122
55.7359	1472
55.7359	428
55.7359	244
55.7359	107
55.7359	150
55.7359	109
56.2689	122
56.2689	164
56.2689	108
56.2699	164
56.2699	165
56.2699	189
56.2699	123
56.2699	125
56.2699	139
56.2699	190
56.2699	280
56.2699	128
56.2699	148
56.2699	144
56.2699	167
56.2699	134
56.8029	125
56.8029	153
56.8029	147
56.8029	109
56.8029	124
56.8029	152
56.8029	110
56.8029	139
56.8029	138
56.8029	1472
56.8029	438
56.8029	264
56.8029	134
56.8029	150
56.8029	180
56.8029	112
56.8029	123
57.3359	184
57.3359	107
57.3359	137
57.3359	181
57.3359	150
57.3359	168
57.3359	121
57.3359	117
57.3359	122
57.3359	178
57.3359	282
57.3359	193
57.3359	200
57.3359	143
57.3359	142
57.3359	135
57.8689	125
57.8689	146
57.8689	157
57.8689	143
57.8689	222
57.8689	219
57.8689	132
57.8699	1472
57.8699	563
57.8699	325
57.8699	264
57.8699	239
57.8699	296
57.8699	178
57.8699	180
57.8699	174
57.8699	265
58.4029	175
58.4029	175
58.4029	152
58.4029	235
58.4029	160
58.4029	302
58.4029	201
58.4029	179
58.4029	146
58.4029	181
58.4029	187
58.4029	183
58.4029	215
58.4029	184
58.4029	188
58.4029	159
58.4029	147
58.9689	143
58.9689	158
58.9689	158
58.9689	170
58.9689	1472
58.9689	473
58.9699	287
58.9699	145
58.9699	150
58.9699	169
58.9699	159
58.9699	204
58.9699	152
58.9699	185
58.9699	207
58.9699	324
58.9699	276
58.9699	221
59.5359	193
59.5359	332
59.5359	172
59.5359	312
59.5359	296
59.5359	205
59.5359	199
59.5359	298
59.5359	207
59.5359	238
59.5359	189
59.5359	209
59.5359	168
59.5359	172
59.5359	206
59.5359	242
59.5359	159
60.1029	1472
60.1029	467
60.1029	354
60.1029	272
60.1029	359
60.1029	328
60.1029	338
60.1029	188
60.1029	222
60.1029	354
60.1029	236
60.1029	184
60.1029	365
60.1029	383
60.1029	292
60.1029	303
60.1029	203
60.1029	177
60.6689	186
60.6689	171
60.6689	184
60.6689	148
60.6689	150
60.6689	228
60.6689	314
60.6699	152
60.6699	248
60.6699	190
60.6699	309
60.6699	250
60.6699	275
60.6699	1472
60.6699	516
60.6699	242
60.6699	193
60.6699	295
61.2359	159
61.2359	158
61.2359	162
61.2359	193
61.2359	126
61.2359	238
61.2359	161
61.2359	161
61.2359	162
61.2359	166
61.2359	155
61.2359	169
61.2359	147
61.2359	315
61.2359	183
61.2359	145
61.2359	294
61.8029	159
61.8029	268
61.8029	180
61.8029	321
61.8029	327
61.8029	194
61.8029	138
61.8029	168
61.8029	155
61.8029	1472
61.8029	484
61.8029	202
61.8029	147
61.8029	178
61.8029	91
61.8029	95
61.8029	203
61.8029	199
61.8029	204
62.4029	138
62.4029	198
62.4029	217
62.4029	188
62.4029	129
62.4029	128
62.4029	106
62.4029	145
62.4029	119
62.4029	138
62.4029	232
62.4029	120
62.4029	143
62.4029	164
62.4029	160
62.4029	189
62.4029	118
62.4029	155
63.0029	130
63.0029	120
63.0029	133
63.0029	1472
63.0029	544
63.0029	239
63.0029	142
63.0029	151
63.0029	160
63.0029	126
63.0029	126
63.0029	287
63.0029	137
63.0029	147
63.0029	135
63.0029	150
63.0029	223
63.0029	160
63.0029	240
63.6029	170
63.6029	132
63.6029	197
63.6029	229
63.6029	198
63.6029	210
63.6029	288
63.6029	171
63.6029	207
63.6029	125
63.6029	171
63.6029	186
63.6029	123
63.6029	133
63.6029	205
63.6029	1472
63.6029	548
63.6029	243
63.6029	127
64.2029	112
64.2029	121
64.2029	155
64.2029	141
64.2029	181
64.2029	156
64.2029	159
64.2029	168
64.2029	182
64.2029	231
64.2029	242
64.2029	250
64.2029	304
64.2029	229
64.2029	157
64.2029	287
64.2029	209
64.2029	316
64.8029	163
64.8029	183
64.8029	186
64.8029	125
64.8029	110
64.8029	265
64.8029	144
64.8029	175
64.8029	190
64.8029	1472
64.8029	1472
64.8029	602
64.8029	277
64.8029	143
64.8029	141
64.8029	221
64.8029	265
64.8029	146
64.8029	259
64.8029	155
65.4029	177
65.4029	182
65.4029	108
65.4029	138
65.4029	134
65.4029	116
65.4029	140
65.4029	200
65.4029	142
65.4029	182
65.4029	127
65.4029	128
65.4029	180
65.4029	156
65.4029	239
65.4029	230
65.4029	274
65.4029	178
65.4029	152
66.0359	140
66.0359	193
66.0359	1472
66.0359	1472
66.0359	727
66.0359	248
66.0359	144
66.0359	192
66.0359	173
66.0359	187
66.0359	319
66.0359	279
66.0359	148
66.0359	122
66.0359	247
66.0359	231
66.0359	176
66.0359	185
66.0359	155
66.0359	219
66.0359	160
66.6689	183
66.6689	148
66.6689	180
66.6689	168
66.6699	156
66.6699	199
66.6699	149
66.6699	186
66.6699	163
66.6699	175
66.6699	228
66.6699	204
66.6699	206
66.6699	1472
66.6699	1472
66.6699	814
66.6699	306
66.6699	162
66.6699	174
66.6699	179
66.6699	226
67.3029	228
67.3029	189
67.3029	202
67.3029	219
67.3029	203
67.3029	222
67.3029	251
67.3029	270
67.3029	236
67.3029	363
67.3029	288
67.3029	273
67.3029	247
67.3029	300
67.3029	312
67.3029	217
67.3029	297
67.3029	210
67.3029	234
67.9359	252
67.9359	245
67.9359	246
67.9359	226
67.9359	325
67.9359	1472
67.9359	1472
67.9359	832
67.9359	364
67.9359	255
67.9359	220
67.9359	282
67.9359	343
67.9359	334
67.9359	251
67.9359	241
67.9359	223
67.9359	290
67.9359	241
67.9359	319
67.9359	280
68.5689	242
68.5689	285
68.5689	254
68.5689	292
68.5689	256
68.5689	302

